[0.29299647 0.23502972 0.12273332]
[0.63640825 0.74086383 0.34258939]
[0.72295122 0.78711349 0.5342423 ]
[0.18231226 0.19046219 0.08405056]
[0.42396    0.56292233 0.0578737 ]
[0.08966398 0.09480934 0.04883691]
[0.50665926 0.61610223 0.24832086]
[0.86654037 0.65775115 0.48040802]
[0.59446381 0.73037758 0.09258606]
[0.61061796 0.57886443 0.4145215 ]
[0.72691626 0.48721747 0.28746816]
[0.37377841 0.48065943 0.17753433]
[0.88997235 0.85389688 0.74137983]
[0.44155645 0.29177701 0.13145183]
[0.27231542 0.37573605 0.06905042]
[0.49566309 0.40498391 0.26440105]
